[PAT NO.   99]


[ Input Random Setting ]

[ Minimum ] :                                                                                        -0.5000000000
[ Maximum ] :                                                                                         0.5000000000

[========]
[ Option ]
[========]

[ opt ] 0
[ sigmoid ] [ Zero        ]

[=======]
[ Input ]
[=======]

[ IMAGE #1 ]

[1]        0        1        2        3        4     [2]        0        1        2        3        4     [3]        0        1        2        3        4     
_________________________________________________    _________________________________________________    _________________________________________________    
 0|   -0.122    0.500   -0.349    0.500    0.500      0|    0.049   -0.376   -0.443   -0.467   -0.103      0|   -0.075   -0.390   -0.464    0.500   -0.320     
 1|   -0.338   -0.295   -0.312   -0.358   -0.446      1|    0.500    0.151    0.500   -0.273   -0.123      1|   -0.415   -0.286   -0.347   -0.407   -0.380     
 2|   -0.415   -0.079   -0.467    0.153   -0.390      2|    0.182    0.500    0.500   -0.315   -0.377      2|    0.197   -0.387   -0.359   -0.184   -0.184     
 3|    0.395   -0.403   -0.244    0.119   -0.303      3|    0.500    0.500    0.256    0.461   -0.459      3|    0.107   -0.146   -0.238    0.500    0.053     
 4|   -0.429   -0.429    0.098   -0.310   -0.443      4|   -0.300   -0.310   -0.314    0.500   -0.364      4|   -0.324   -0.448   -0.060   -0.332   -0.222     


[========]
[ Kernel ]
[========]

[channel 1]

[1]        0        1     [2]        0        1     [3]        0        1     
______________________    ______________________    ______________________    
 0|   -0.463    0.086      0|    0.234    0.162      0|    0.015   -0.055     
 1|   -0.372   -0.310      1|    0.215   -0.303      1|    0.500   -0.387     

[channel 2]

[1]        0        1     [2]        0        1     [3]        0        1     
______________________    ______________________    ______________________    
 0|   -0.230    0.500      0|    0.500    0.500      0|    0.500   -0.381     
 1|   -0.451   -0.058      1|   -0.063    0.095      1|    0.500    0.500     


[========]
[ Weight ]
[========]

[W]        0        1        2        3        4        5        6        7     
____________________________________________________________________________    
 1|    0.088   -0.121    0.392   -0.454   -0.157   -0.453    0.287   -0.124     
 2|   -0.450   -0.414    0.500    0.500    0.402   -0.438    0.289   -0.372     
 3|   -0.129    0.487    0.500   -0.036   -0.456    0.500   -0.326    0.500     

