[PAT NO.   99]


[========]
[ Option ]
[========]

[ opt ] 0
[ sigmoid ] [ Zero        ]

[=========]
[ Padding ]
[=========]

[ IMAGE #1 ]

[1]        0        1        2        3        4        5        6     [2]        0        1        2        3        4        5        6     [3]        0        1        2        3        4        5        6     
___________________________________________________________________    ___________________________________________________________________    ___________________________________________________________________    
 0|    0.000    0.000    0.000    0.000    0.000    0.000    0.000      0|    0.000    0.000    0.000    0.000    0.000    0.000    0.000      0|    0.000    0.000    0.000    0.000    0.000    0.000    0.000     
 1|    0.000   -0.122    0.500   -0.349    0.500    0.500    0.000      1|    0.000    0.049   -0.376   -0.443   -0.467   -0.103    0.000      1|    0.000   -0.075   -0.390   -0.464    0.500   -0.320    0.000     
 2|    0.000   -0.338   -0.295   -0.312   -0.358   -0.446    0.000      2|    0.000    0.500    0.151    0.500   -0.273   -0.123    0.000      2|    0.000   -0.415   -0.286   -0.347   -0.407   -0.380    0.000     
 3|    0.000   -0.415   -0.079   -0.467    0.153   -0.390    0.000      3|    0.000    0.182    0.500    0.500   -0.315   -0.377    0.000      3|    0.000    0.197   -0.387   -0.359   -0.184   -0.184    0.000     
 4|    0.000    0.395   -0.403   -0.244    0.119   -0.303    0.000      4|    0.000    0.500    0.500    0.256    0.461   -0.459    0.000      4|    0.000    0.107   -0.146   -0.238    0.500    0.053    0.000     
 5|    0.000   -0.429   -0.429    0.098   -0.310   -0.443    0.000      5|    0.000   -0.300   -0.310   -0.314    0.500   -0.364    0.000      5|    0.000   -0.324   -0.448   -0.060   -0.332   -0.222    0.000     
 6|    0.000    0.000    0.000    0.000    0.000    0.000    0.000      6|    0.000    0.000    0.000    0.000    0.000    0.000    0.000      6|    0.000    0.000    0.000    0.000    0.000    0.000    0.000     


[=====================]
[ Convolution Partial ]
[=====================]

[ IMAGE #1 ]

[kernel channel 1]

[1]        0        1        2        3        4        5     [2]        0        1        2        3        4        5     [3]        0        1        2        3        4        5     
__________________________________________________________    __________________________________________________________    __________________________________________________________    
 0|    0.038   -0.110   -0.078   -0.025   -0.341   -0.186      0|   -0.015    0.124    0.054    0.046   -0.069   -0.022      0|    0.029    0.114   -0.016   -0.425    0.374   -0.160     
 1|    0.095    0.317   -0.055    0.432    0.083   -0.065      1|   -0.144    0.012   -0.279    0.011   -0.147   -0.051      1|    0.165   -0.076    0.011   -0.051   -0.031   -0.195     
 2|    0.100    0.310    0.284    0.240    0.191    0.352      2|    0.026    0.029    0.072    0.276   -0.037   -0.110      2|   -0.054    0.258   -0.040   -0.091   -0.006   -0.098     
 3|   -0.158    0.163    0.222    0.283   -0.055    0.293      3|   -0.122    0.080    0.228   -0.019    0.103   -0.187      3|   -0.052    0.134    0.033   -0.308    0.237    0.024     
 4|    0.167    0.076    0.295    0.183    0.172    0.305      4|    0.172    0.228    0.187   -0.084    0.252   -0.186      4|    0.119    0.021   -0.190    0.067   -0.075   -0.110     
 5|   -0.037    0.162    0.207   -0.072    0.106    0.205      5|   -0.049   -0.121   -0.123    0.007    0.058   -0.085      5|    0.018    0.020   -0.004    0.017    0.007   -0.003     

[kernel channel 2]

[1]        0        1        2        3        4        5     [2]        0        1        2        3        4        5     [3]        0        1        2        3        4        5     
__________________________________________________________    __________________________________________________________    __________________________________________________________    
 0|    0.007    0.026   -0.205    0.128   -0.255   -0.225      0|    0.005   -0.039   -0.019   -0.017    0.019    0.006      0|   -0.037   -0.232   -0.427    0.018    0.090   -0.160     
 1|   -0.041    0.448   -0.139    0.492    0.322    0.086      1|    0.072   -0.180   -0.371   -0.512   -0.279   -0.044      1|   -0.179   -0.239   -0.335   -0.799   -0.021   -0.350     
 2|   -0.145    0.122   -0.025    0.095   -0.187    0.279      2|    0.267    0.362    0.342    0.052   -0.214   -0.038      2|    0.257   -0.193   -0.384   -0.290   -0.243   -0.282     
 3|   -0.230   -0.099   -0.019    0.287   -0.266    0.226      3|    0.138    0.357    0.493    0.120   -0.419   -0.160      3|   -0.022    0.227   -0.249    0.021    0.255   -0.066     
 4|    0.222   -0.074    0.159    0.089   -0.013    0.270      4|    0.221    0.489    0.367    0.426   -0.065   -0.207      4|   -0.203   -0.277   -0.236   -0.505   -0.047   -0.084     
 5|   -0.215   -0.116    0.148   -0.178   -0.150    0.102      5|   -0.150   -0.305   -0.312    0.093    0.068   -0.182      5|    0.123    0.009   -0.201    0.096   -0.081   -0.111     


[=================]
[ Convolution Sum ]
[=================]

[ IMAGE #1 ]

[kernel channel 1]

[1]        0        1        2        3        4        5     
__________________________________________________________    
 0|    0.052    0.128   -0.040   -0.404   -0.037   -0.368 
 1|    0.115    0.253   -0.323    0.392   -0.095   -0.311 
 2|    0.072    0.597    0.316    0.425    0.148    0.144 
 3|   -0.333    0.377    0.484   -0.043    0.285    0.130 
 4|    0.459    0.324    0.292    0.165    0.348    0.009 
 5|   -0.068    0.061    0.080   -0.047    0.171    0.116 

[kernel channel 2]

[1]        0        1        2        3        4        5     
__________________________________________________________    
 0|   -0.025   -0.245   -0.651    0.130   -0.145   -0.379 
 1|   -0.148    0.029   -0.845   -0.819    0.022   -0.308 
 2|    0.379    0.291   -0.068   -0.143   -0.644   -0.042 
 3|   -0.113    0.485    0.225    0.429   -0.431    0.001 
 4|    0.241    0.138    0.290    0.010   -0.126   -0.021 
 5|   -0.241   -0.412   -0.365    0.012   -0.164   -0.191 


[=============]
[ Max pooling ]
[=============]

[ IMAGE #1 ]

[kernel channel 1]

[1]        0        1     
______________________    
 0|    0.597    0.425 
 1|    0.484    0.348 

[kernel channel 2]

[1]        0        1     
______________________    
 0|    0.379    0.130 
 1|    0.485    0.429 


[============]
[ Activation ]
[============]

[ IMAGE #1 ]

[kernel channel 1]

[1]        0        1     
______________________    
 0|    0.645    0.605 
 1|    0.619    0.586 

[kernel channel 2]

[1]        0        1     
______________________    
 0|    0.594    0.532 
 1|    0.619    0.606 


[===============]
[ Fully Connect ]
[===============]

[W]        0        1        2     
_______________________________    
 1|   -0.272    0.021    0.596     


[=========]
[ Softmax ]
[=========]

[W]        0        1        2     
_______________________________    
 1|    0.212    0.284    0.504     


[============]
[ Probabilty ]
[============]

[W]        0        1        2     
_______________________________    
 1|    0.212    0.284    0.504     


[============]
[ Error Check]
[============]

[Is Error or not] : 0
[Output]

 0|    0.1950104    0.6023660    0.2026237 

[Error rate flag] : 
[Formula] : |gold - ans| / gold < 0.00500000

 1|    0.0000000    0.0000000    0.0000000 

[Error rate] : |gold - ans|

 2|    0.0000000    0.0000000    0.0000000 

[Error rate] : gold * 0.00500000

 3|    0.0009751    0.0030118    0.0010131 

[Error flag] : 
[Formula] : |float(ans) - float(gold)| < 0.00010000

 4|    0.0000000    0.0000000    0.0000000 


