[ Auto focus ]

[ 2*2 ]
[ Focus window ]
+------+------+------+
|  R-0 |    0 |    1 |
+------+------+------+
|    0 |   14 |   59 |
|    1 |   81 |  127 |
+------+------+------+

+------+------+------+
|  G-1 |    0 |    1 |
+------+------+------+
|    0 |  127 |  127 |
|    1 |   70 |   37 |
+------+------+------+

+------+------+------+
|  B-2 |    0 |    1 |
+------+------+------+
|    0 |  127 |  118 |
|    1 |   57 |    3 |
+------+------+------+

[ Focus grayscale ]
+------+------+------+
| Gray |    0 |    1 |
+------+------+------+
|    0 |   97 |  106 |
|    1 |   69 |   49 |
+------+------+------+

[ Focus horizontal difference ] : 29        
[ Focus vertical difference   ] : 85        
[ Focus normalized difference ] : 28        

[ 4*4 ]
[ Focus window ]
+------+------+------+------+------+
|  R-0 |    0 |    1 |    2 |    3 |
+------+------+------+------+------+
|    0 |  127 |  127 |   29 |  127 |
|    1 |  127 |   14 |   59 |  127 |
|    2 |  127 |   81 |  127 |   71 |
|    3 |  127 |  127 |  127 |  127 |
+------+------+------+------+------+

+------+------+------+------+------+
|  G-1 |    0 |    1 |    2 |    3 |
+------+------+------+------+------+
|    0 |  127 |  127 |   52 |    0 |
|    1 |  127 |  127 |  127 |  127 |
|    2 |  102 |   70 |   37 |   73 |
|    3 |  127 |  127 |  117 |  112 |
+------+------+------+------+------+

+------+------+------+------+------+
|  B-2 |    0 |    1 |    2 |    3 |
+------+------+------+------+------+
|    0 |  127 |  127 |   29 |  127 |
|    1 |  115 |  127 |  118 |  127 |
|    2 |  127 |   57 |    3 |  112 |
|    3 |   73 |   69 |  127 |  127 |
+------+------+------+------+------+

[ Focus grayscale ]
+------+------+------+------+------+
| Gray |    0 |    1 |    2 |    3 |
+------+------+------+------+------+
|    0 |  125 |  125 |   40 |   62 |
|    1 |  122 |   97 |  106 |  125 |
|    2 |  113 |   69 |   49 |   81 |
|    3 |  112 |  111 |  120 |  118 |
+------+------+------+------+------+

[ Focus horizontal difference ] : 268       
[ Focus vertical difference   ] : 449       
[ Focus normalized difference ] : 44        

[ 6*6 ]
[ Focus window ]
+------+------+------+------+------+------+------+
|  R-0 |    0 |    1 |    2 |    3 |    4 |    5 |
+------+------+------+------+------+------+------+
|    0 |  127 |  114 |  127 |  127 |  102 |  127 |
|    1 |  127 |  127 |  127 |   29 |  127 |  127 |
|    2 |  104 |  127 |   14 |   59 |  127 |   76 |
|    3 |  127 |  127 |   81 |  127 |   71 |  127 |
|    4 |  104 |  127 |  127 |  127 |  127 |  127 |
|    5 |  127 |   60 |  127 |  127 |  127 |  127 |
+------+------+------+------+------+------+------+

+------+------+------+------+------+------+------+
|  G-1 |    0 |    1 |    2 |    3 |    4 |    5 |
+------+------+------+------+------+------+------+
|    0 |  104 |  127 |  127 |  127 |  127 |  127 |
|    1 |   52 |  127 |  127 |   52 |    0 |  127 |
|    2 |  127 |  127 |  127 |  127 |  127 |  127 |
|    3 |  127 |  102 |   70 |   37 |   73 |    5 |
|    4 |  105 |  127 |  127 |  117 |  112 |   96 |
|    5 |   99 |  127 |  127 |  127 |   64 |  127 |
+------+------+------+------+------+------+------+

+------+------+------+------+------+------+------+
|  B-2 |    0 |    1 |    2 |    3 |    4 |    5 |
+------+------+------+------+------+------+------+
|    0 |   26 |  126 |  127 |  127 |   29 |  127 |
|    1 |  127 |  127 |  127 |   29 |  127 |   33 |
|    2 |  127 |  115 |  127 |  118 |  127 |  127 |
|    3 |   74 |  127 |   57 |    3 |  112 |  127 |
|    4 |  127 |   73 |   69 |  127 |  127 |  127 |
|    5 |   13 |  127 |  127 |   82 |    3 |  127 |
+------+------+------+------+------+------+------+

[ Focus grayscale ]
+------+------+------+------+------+------+------+
| Gray |    0 |    1 |    2 |    3 |    4 |    5 |
+------+------+------+------+------+------+------+
|    0 |   89 |  122 |  125 |  125 |   95 |  125 |
|    1 |   88 |  125 |  125 |   40 |   62 |  102 |
|    2 |  120 |  122 |   97 |  106 |  125 |  113 |
|    3 |  112 |  113 |   69 |   49 |   81 |   64 |
|    4 |  109 |  112 |  111 |  120 |  118 |  110 |
|    5 |   83 |  109 |  125 |  114 |   63 |  125 |
+------+------+------+------+------+------+------+

[ Focus horizontal difference ] : 650       
[ Focus vertical difference   ] : 862       
[ Focus normalized difference ] : 42        

[ Max contrast index / value  ] : 1  / 4 
[ Your max contrast ] : 2 
