[PAT NO.  107]

input data: 1 * 8
        125          32        -100         -74         -44         -89          52          98
Matrix Q weight: 8 * 8
          3           2          -2           1           4           3           1           1
         -1           1          -2          -2          -3          -3           0           3
         -2           2          -1           2           0          -2           3           1
          1          -2          -3          -2           5           1           5           5
         -1           2           1          -2           4           2           5           4
          3           1           1           1          -3          -3          -3          -3
          3          -3           1          -3          -2          -3           4          -1
         -1           1           1           1           5          -3           1           5
Matrix K weight: 8 * 8
         52        -106         -12         -39        -107         -53         114         -66
        116         118         -46          15          57         105         100         -24
        -66         -58          21         -99         -92         -74         -17         -16
        100          66        -117         115         104          76        -119          79
       -121        -103          32         -82          52          99         106          -5
        -59         120          -8         -77         -94          71         -49         121
         51         111         -27         -79         108         -82         -85          74
         69         -71          76          -3           0         -15          47          55
Matrix V weight: 8 * 8
         15         -28         -41         -44         -14         -94          54        -122
        -23          84          20         119         -49           5          16           4
        -14          47         110         -84          79          99         -83         120
        114         -95          13          28         107         -60          38         -17
        -98        -124        -118          20         -51           4          45         -21
         57         101        -113          32          36         -49         -45         116
       -101         112          79          16         -41         -17          52           6
       -111          49          99         -49        -102        -116        -123          96
---------- QKV Generation ----------
Matrix Q: 8 * 8
        304          -5          25         -50         511         134        -192         280
Matrix K: 8 * 8
      29401      -15892        8934        3054        1647      -17898       27839      -14575
Matrix V: 8 * 8
     -22788        8611       12612       -3062      -32224      -25117        5425      -25544
---------- MatMul1 ----------
Matrix A: 1 * 1
     -1894789 
---------- Scaling ----------
Matrix A after scaling: 1 * 1
      -631596 
---------- ReLU ----------
Matrix S: 1 * 1
            0 
---------- Golden answer ----------
Matrix P: 1 * 8
                   0                    0                    0                    0                    0                    0                    0                    0
